structure(list(D = structure(c(0, 0, 0, 0, 0, 0.646616541353383, 
0, 0, 0, 0, 0, 0, 0, 0, 0, 0, 0, 0, 0, 0, 0, 0, 0, 0, 0, 0, 0, 
0, 0, 0, 0, 0, 0, 0, 0, 0, 0, 0, 0, 0, 0.0810302688475277, 0, 
0, 0, 0, 0, 0, 0, 1.11363636363636, 0, 0, 0, 0, 0, 0, 0, 0.735964159755981, 
0, 0, 0, 0, 0.400221139276793, 0, 0, 0, 0, 0, 0, 0, 0, 0, 0, 
0, 0, 0, 0, 0, 0, 0, 2.41353383458646, 0, 0, 0, 0.175654242664552, 
0, 0, 0, 0, 0, -1.7958435207824, 0, 0, 0, 0, 0, 0, 0, 0, 0, 0, 
0, 0, 0, 0, 0, 0, 0, 0, 0, 0, 0, 0, 0.0810302688475277, 0, 0, 
0.549525101763908, 0, 0, 0, 0.240688685874912, 0, 0, 0, 0, 0, 
0, 0.34841075794621, 0, 0, 0, 0, 0, 0, 0, 0, 0, 0, 0, 0, 0, 0, 
0, 0, 0, 0, 0, 0, 0, 0, 0, 0, 0.549525101763908, 0, 0, 0, 0, 
0.220660576247365, 0, 0, 0, 0, 0, 0, 0.136919315403423, 0, 0, 
0, 0, 0, 0.840095465393795, 0, 0, 0, 0, 0, 0, 0, 0, 0, 0, 0, 
0, 0, 0, 0, 0.646616541353383, 0, 2.41353383458646, 0, 0, 0, 
0, 0, 0, -0.291831879460746, 0.679817905918058, 0, 0, 0, 0, 0, 
0, 0, 0, 0, 0, 0, 0, 0, 0, 0, 0, 0, 0, 0, 0, 0, 0, 0, 0, 0, 0, 
0, 0, 0, 0, 0, 0, 0, 0, 0, 0, 0, 0, 0, 0, 0, 0, 0, 0, 0, 0, 0, 
0, 0, 0, 0, 0, 0, 0, 0, 0, 0, 0.862182116488925, 0, 0, 0, 0, 
0, 0, 0, 0, 0, 0, 0, 0, 0, 0, 0, 0, 0, 0, 0, 0, 0, 0, 0, 0, 0, 
0, 0, 0, 0, 0, 0, 0, 0, 0, 0, 0, 0, 0, 0, 0, 0, 0, 0, 0, 0, 0.240688685874912, 
0.220660576247365, 0, 0, 0, 0, 0, 0, 0, 0, 1.15230875258442, 
0, 0, 0, 0, 0, 0, 0, 0, 0, 0, 0, 0, 0, 0, 4.74725274725275, 0, 
0, 0, 0, 0, 0, 0, 0, 0, 0, 0.175654242664552, 0, 0, -0.291831879460746, 
0, 0, 0, 0, 0, 0, 0, 0, 0, 0, 0, 0, 0.438524590163934, 0.0398436755314079, 
5.73626373626374, 0, 0, 0, 0.356034235636186, 0, 0, 0, 3.97802197802198, 
0, 0, 0, 0.0950333261664159, 0, 0, 0, 0, 0, 0, 0, 0, 0, 0.679817905918058, 
0, 0, 0, 0, 0, 0, 0, 0, 0, 0, 0, 0, 0, 0, 0, 0, 0, 0, 0, 0.296703296703297, 
0, 0, 0, 0, 0, 0, 0, 0, 0, 0, 0, 0, 1.11363636363636, 0, 0, 0, 
0, 0, 0, 0, 0, 0, 0, 0, 0, 0, 0.816625916870416, 0.191162619271878, 
0, 1.28688524590164, 0.19407110856925, 1.8021978021978, 0, 0, 
0, 0.015889266554732, 0, 0.173913043478261, 0, 0, 0, 0, 1.2239540607055, 
0.15566544829069, 0, 0, 0, 4, 0, 0, 0, 0, 0, 0, 0, 0, 0, 0, 0, 
0, 0, 0, 0, 0, 0, 0.308510638297873, 0, 0, 5.57142857142857, 
0, 0, 0, 0.365248372169213, 0, 0, 0, 2.27472527472528, 0, 0, 
0.0172272354388844, 0, 0, 0, 0, 0, 0, 0, 0, 0, 0, 0, 0, 0, 1.15230875258442, 
0, 0, 0, 0, 0, 0, 0, 0, 0, 0, 0, 0, 0.422434367541766, 0.537212449255751, 
0, 0, 0, 0, 0, 0, 0, 0, 0, 0, 0, 0, 0, 0, 0, 0, 0, 0, 0, 0, 0, 
0, 0, 0, 0, 0, 0, 0, 0, 0, 0, 0, 0, 0, 0, 0, 0, 0, 0, 3.86813186813187, 
0, 0, 0, 0, 0, 0, 0, 0, 0, 0, 0, 0, 0, -1.7958435207824, 0.34841075794621, 
0.136919315403423, 0, 0, 0, 0, 0, 0, 0.816625916870416, 0, 0, 
0, 0, 0.113763872394447, 0, 0.897540983606558, 0.120674864169288, 
1.03296703296703, 0, 0, 0, 0, 0, -1.15748751726194e-17, 0, 0, 
0, 0, 0.969647251845775, 0.063212212427435, 0, 0, 0, 2.79120879120879, 
0, 0, 0, 0, 0, 0, 0, 0, 0, 0, 0, 0.191162619271878, 0, 0, 0, 
0.113763872394447, 0, 0, 0, 0.694214088266133, 9.52747252747253, 
0, 0, 0, 0.415209468037185, 0, 2.80434782608696, 0, 0, 0, 0, 
0, 0.934637712319932, 0, 0, 0, 0, 0, 0, 0, 0, 0, 0, 0, 0, 0, 
0, 0, 0, 0.308510638297873, 0, 0, 0, 0, 0, 0, 0.237346296825851, 
0, 0, 0, 0, 0.137188255047299, 0, 0, 0, 0, 0, 0, 0, 0.505267684368953, 
0, 0, 0, 0, 0, 0, 0, 0, 0, 0, 0, 0, 0, 0.438524590163934, 0, 
1.28688524590164, 0, 0, 0, 0.897540983606558, 0, 0, 0, 0.140692021732914, 
1.58241758241758, 0, 0, 0, 0.0404602973094722, 0, 0.173913043478261, 
0, 0, 0, 0, 0.830188679245283, 0.168565899806493, 0, 0, 0, 2.9010989010989, 
0, 0.735964159755981, 0, 0, 0, 0, 0, 0, 0, 0.0398436755314079, 
0, 0.19407110856925, 0, 0, 0, 0.120674864169288, 0.694214088266133, 
0.237346296825851, 0.140692021732914, 0, 3.50549450549451, 1.63007159904535, 
0, 0, 0, 0, 0.195652173913044, 0, 0, 0, 0, 0, 0.498602451085788, 
0, 0, 0, 0, 0, 0, 0, 0, 0, 0, 0, 0, 0, 5.73626373626374, 0, 1.8021978021978, 
5.57142857142857, 0, 0, 1.03296703296703, 9.52747252747253, 0, 
1.58241758241758, 3.50549450549451, 0, 0, 0, 0, 0, 0, 0.239130434782609, 
0, 0.34065934065934, 0, 0, 0, 0.032466136314771, 0, 0, 0, 0, 
0, 0, 0, 0, 0.840095465393795, 0, 0, 0, 0, 0, 0, 0, 0, 0.422434367541766, 
0, 0, 0, 0, 0, 1.63007159904535, 0, 0, 0, 0, 0, 0, 0, 0, 0.956043956043957, 
0, 0, 0, 0, 0, 0, 0, 0, 0, 0, 0, 0, 0, 0, 0, 0, 0, 0, 0, 0, 0, 
0.537212449255751, 0, 0, 0, 0, 0, 0, 0, 0, 0, 0, 0, 0, 0, 0, 
1.83516483516483, 0, 0, 0, 0, 0, 0, 0, 0, 0, 0, 0, 0, 0, 0, 0, 
0, 0, 0, 0, 0, 0, 0, 0, 0, 0, 0, 0, 0, 0, 0, 0, 0, 0, 0, 0, 0, 
0, 0, 0, 0, 0, 0, 0, 0, 0, 0, 0.400221139276793, 0, 0, 0, 0, 
0, 0, 0, 0.356034235636186, 0, 0.015889266554732, 0.365248372169213, 
0, 0, 0, 0.415209468037185, 0.137188255047299, 0.0404602973094722, 
0, 0, 0, 0, 0, 0, 0, 0, 0, 6.01098901098901, 0, 0, 0, 0.951838314341002, 
0, 0, 0, 0, 0, 0, 0, 0, 0, 0, 0, 0, 0, 0, 0.296703296703297, 
0, 0, 0, 3.86813186813187, 0, 0, 0, 0, 0, 0, 0, 0, 0, 0, 0, 0, 
0, 0, 0, 0, 0, 0, 0, 0, 0, 0, 0, 0, 0, 0, 0, 0, 0, 0, 0, 0, 0, 
0.173913043478261, 0, 0, 0, -1.15748751726194e-17, 2.80434782608696, 
0, 0.173913043478261, 0.195652173913044, 0.239130434782609, 0, 
0, 0, 0, 0, 0, 0, 0.32967032967033, 0, 0, 0, 0, 0, 0, 0, 0, 0, 
0, 0, 0, 0, 0, 0, 0, 0, 0, 0, 0, 0, 0, 0, 0, 0, 0, 0, 0, 0, 0, 
0, 0, 0, 0, 0, 0, 0.340659340659341, 0, 0, 0, 0, 0, 0, 0, 0, 
0, 0, 0, 0, 0, 0, 0, 0, 4.74725274725275, 3.97802197802198, 0, 
0, 2.27472527472528, 0, 0, 0, 0, 0, 0, 0, 0.34065934065934, 0.956043956043957, 
1.83516483516483, 0, 6.01098901098901, 0, 0.32967032967033, 0.340659340659341, 
0, 0, 0, 0, 0, 0, 0, 0, 0, 0, 0, 0, 0, 0, 0, 0, 0, 0, 0, 0, 0, 
0, 0, 0, 0, 0, 0, 0, 0, 0, 0, 0, 0, 0, 0, 0, 0, 0, 0, 0, 1.23872026251025, 
0.165555794452806, 0, 0, 0, 4.06593406593407, 0, 0, 0, 0, 0, 
0, 0, 0, 0, 0, 0, 0, 0, 0, 0, 0, 0, 0, 0, 0, 0, 0, 0, 0, 0, 0, 
0, 0, 0, 0, 0, -0.0172272354388843, 0, 0, 0, 0, 0, 0, 0, 0, 0, 
0, 0, 0.862182116488925, 0, 0, 0, 0, 1.2239540607055, 0.0172272354388844, 
0, 0, 0.969647251845775, 0, 0, 0.830188679245283, 0, 0, 0, 0, 
0, 0, 0, 0, 0, 0, 1.23872026251025, -0.0172272354388843, 0, 0.127499462481187, 
0, 0, 0, 3.21978021978022, 0, 0, 0, 0, 0, 0, 0, 0, 0, 0.0950333261664159, 
0, 0.15566544829069, 0, 0, 0, 0.063212212427435, 0.934637712319932, 
0.505267684368953, 0.168565899806493, 0.498602451085788, 0.032466136314771, 
0, 0, 0, 0.951838314341002, 0, 0, 0, 0, 0.165555794452806, 0, 
0.127499462481187, 0, 0, 0, 0, 4.73626373626374, 0, 0, 0, 0, 
0, 0, 0, 0, 0, 0, 0, 0, 0, 0, 0, 0, 0, 0, 0, 0, 0, 0, 0, 0, 0, 
0, 0, 0, 0, 0, 0, 0, 0, 0, 0, 0, 0, 0, 0, 0, 0, 0, 0, 0, 0, 0, 
0, 0, 0, 0, 0, 0, 0, 0, 0, 0, 0, 0, 0, 0, 0, 0, 0, 0, 0, 0, 0, 
0, 0, 0, 0, 0, 0, 0, 0, 0, 0, 0, 0, 0, 0, 0, 0, 0, 0, 0, 0, 0, 
0, 0, 0, 0, 0, 0, 0, 0, 0, 0, 0, 0, 0, 0, 0, 0, 0, 0, 0, 0, 0, 
0, 0, 0, 0, 0, 0, 0, 0, 0, 0, 0, 0, 0, 4, 0, 0, 0, 2.79120879120879, 
0, 0, 2.9010989010989, 0, 0, 0, 0, 0, 0, 0, 0, 0, 0, 4.06593406593407, 
0, 3.21978021978022, 4.73626373626374, 0, 0, 0, 0), .Dim = c(37L, 
37L), .Dimnames = list(c("Achillea.millefolium", "Agrostis.tenuis", 
"Alchemilla.conjoncta", "Avena.montana", "Blechnum.spicant", 
"Botrychium.lunaria", "Campanula.rotundifolia", "Cerastium.alpinum", 
"Cerastium.arvense", "Cirsium.acaule", "Cirsium.spinosissimum", 
"Daphne.pyrenaica", "Dianthus.monspessulanus", "Epilobium.montanum", 
"Erinus.alpinus", "Euphrasia", "Festuca.rubra", "Galium.pumilum", 
"Helleborus.viridis", "Hepatica.triloba", "Hieracium.pilosella", 
"Hypericum.perforatum", "Leontodon.hispidus", "Linaria.alpina", 
"Lotus.corniculatus", "Medicago.lupulina", "Parnassia.palustris", 
"Polystichum.spinulosum", "Saxifraga.umbrosa", "Seseli.libanotis", 
"Taraxacum.officinale", "Thesium.pyrenaicum", "Thymus.serpyllum", 
"Trisetum.flavescens", "Trifolium.repens", "Trifolium.thalii", 
"Viola"), c("Achillea.millefolium", "Agrostis.tenuis", "Alchemilla.conjoncta", 
"Avena.montana", "Blechnum.spicant", "Botrychium.lunaria", "Campanula.rotundifolia", 
"Cerastium.alpinum", "Cerastium.arvense", "Cirsium.acaule", "Cirsium.spinosissimum", 
"Daphne.pyrenaica", "Dianthus.monspessulanus", "Epilobium.montanum", 
"Erinus.alpinus", "Euphrasia", "Festuca.rubra", "Galium.pumilum", 
"Helleborus.viridis", "Hepatica.triloba", "Hieracium.pilosella", 
"Hypericum.perforatum", "Leontodon.hispidus", "Linaria.alpina", 
"Lotus.corniculatus", "Medicago.lupulina", "Parnassia.palustris", 
"Polystichum.spinulosum", "Saxifraga.umbrosa", "Seseli.libanotis", 
"Taraxacum.officinale", "Thesium.pyrenaicum", "Thymus.serpyllum", 
"Trisetum.flavescens", "Trifolium.repens", "Trifolium.thalii", 
"Viola"))), I = structure(c(0, 0, 0, 0, 0, 0, 0, 0, 0, 0, 0, 
0, 0, 0, 0, 0, 0, 0, 0, 0, 0, 0, 0, 0, 0, 0, 0, 0, 0, 0, 0, 0, 
0, 0, 0, 0, 0, 0, 0, 0, 0, 0, 0, 0, 0, 0, 16.9442231075697, 0, 
0, 0, 0, 0, 0, 0, 1.8794547224927, 0, 0, 0, 0, 0, 0, 0, 0, 0, 
0, 0, 0, 0, 0, 3.43223443223443, 0, 0.877216050782136, 0, 0, 
0, 0, 0, 0, 0, 0, 0, 0, 0, 0, 0, 0, 0, 0, 0, 0, 0, 0, 0, 0, 0, 
0, 0, 0, 0, -0.215903106898368, 0, 0, 0, 0, 0, 0, 0, 0, 0, 0, 
0, 0, 0, 0, 0, 0, 0, 0.0597968356410216, 0, 0, 0, 0, 0, 0, 0, 
0, 0, 0, 0, 0, 0, 0, 0, 0, 0, 0, 0, 0, 0, 0, 0, 0, 0, 0, 0, 0, 
0, 0, 0, 0, 0, 0, 0, 0, 0, 0, 0, 0, 0, 0, 0, 0, 0, 0, 0, 0, 0, 
0, 0, 0, 0, 0, 0, 0, 0, 0, 0, 0, 0, 0, 0, 0, 0, 0, 0, 0, 0, 0, 
0, 0, 0, 0, 0, 0, 0, 0, 0, 0, 0, 0, 0, 0, 0, 0, 0, 0, 0, 0, 0, 
0, 0, 0, 0, 0, 0, 0, 0, 0, 0, 0, 0, 0, 0, 0, 0, 0.0597968356410216, 
0, 0, 0, 0, 0, 6.22709163346614, 0, 0, 0, 0, 0, 0, 0.28384476534296, 
0, 0, 0, 0, 0, 0, 0, 0, 0, 0, 0, 0, 0, 0, 0, 0, 0, 0, 0, 0, 0, 
0, 0, 0, 0, 0, 0, 0, 0, 0.131474103585657, 0, 0, 0, 0, 0, 0, 
0, 0, 0, 0, 0, 0, 0, 0, 0, 0, 0, 0, 0, 0, 0, 0, 0, 0, 0, 0, 0, 
0, 0, 0, 0, 0, 0, 0, 0, 0, 0, 0, 0, 0, 0, 0, 0, 0, 0, 0, 0, 0, 
0, 0, 0, 0, 0, 0, 0, 0, 0, 0, 0, 0, 0, 0, 0, 0, 0, 16.9442231075697, 
0, 0, 0, 0, 6.22709163346614, 0.131474103585657, 0, 0, 0, 0, 
0, 0, 0, 0, 0.0216606498194946, 0.0687439143135346, 0, 0, 0, 
0, 0, 0, 0, 0, 0, 0, 0, 0, 0, 0, 0.142857142857143, 0, 0.0303332577646792, 
0, 0, 0, 0, 0, 0, 0, 0, 0, 0, 0, 0, 0, 0, 0, 0, 0, 0, 0, 0, 0, 
0, 0, 0, 0, 0, 0, 0, 0, 0, 0, 0, 0, 0, 0, 0, 0, 0, 0, 0, 0, 0, 
0, 0, 0, 0, 0, 0, 0, 0, 0, 0, 0, 0, 0, 0, 0, 0, 0, 0, 0, 0, 0, 
0, 0, 0, 0, 0, 0, 0, 0, 0, 0, 0, 0, 0, 0, 0, 0, 0, 0, 0, 0, 0, 
0, 0, 0, 0, 0, 0, 0, 0, 0, 0, 0, 0, 0, 0, 0, 0, 0, 0, 0, 0, 0, 
0, 0, 0, 0, 0, 0, 0, 0, 0, 0, 0, 0, 0, 0, 0, 0, 0, 0, 0, 0, 0, 
0, 0, 0, 0, 0, 0, 0, 0, 0, 0, 0, 0, 0, 0, 0, 0, 0, 0, 0, 0, 0, 
0, 0, 0, 0, 0, 0, 0, 0, 0, 0, 0, 0, 0, 0, 0, 0, 0, 0, 0, 0, 0, 
0, 0, 0, 0, 0, 0, 0, 0, 0, 0, 0, 0, 0, 0, 0, 0, 0, 0, 0, 0, 0, 
0, 0, 0, 0, 0, 0, 0, 0, 0, 0, 0, 0, 0, 0, 0, 0, 0, 0, 0, 0, 0, 
0, 0, 0, 0, 0, 0, 0, 0, 0, 0, 0, 0.0271140330990705, 0, 0, 0, 
0, 0, 0, 0, 0, 0.28384476534296, 0, 0, 0.0216606498194946, 0, 
0, 0, 0, 0, 0, 0, 0, 0, 0, 0, 0, 0, 0, 0, 0, 0, 0, 0, 0, 0, 0, 
0, 0, 0, 0, 0, 0, 1.8794547224927, 0, 0, 0, 0, 0, 0, 0, 0.0687439143135346, 
0, 0, 0, 0, 0, 0, 0, 0, 0, 0, 0, 0, 0, 0, 0, 0, 0, 0, 0, 0, 0, 
0, 1.04395604395604, 0, 0.267286329630469, 0, 0, 0, 0, 0, 0, 
0, 0, 0, 0, 0, 0, 0, 0, 0, 0, 0, 0, 0, 0, 0, 0, 0, 0, 0, 0, 0, 
0, 0, 0, 0, 0, 0, 0, 0, 0, 0, 0, 0, 0, 0, 0, 0, 0, 0, 0, 0, 0, 
0, 0, 0, 0, 0, 0, 0, 0, 0, 0, 0, 0, 0, 0, 0, 0, 0, 0, 0, 0, 0, 
0, 0, 0, 0, 0, 0, 0, 0, 0, 0, 0, 0, 0, 0, 0, 0, 0, 0, 0, 0, 0, 
0, 0, 0, 0, 0, 0, 0, 0, 0, 0, 0, 0, 0, 0, 0, 0, 0, 0, 0, 0, 0, 
0, 0, 0, 0, 0, 0, 0, 0, 0, 0, 0, 0, 0, 0, 0, 0, 0, 0, 0, 0, 0, 
0, 0, 0, 0, 0, 0, 0, 0, 0, 0, 0, 0, 0, 0, 0, 0, 0, 0, 0, 0, 0, 
0, 0, 0, 0, 0, 0, 0, 0, 0, 0, 0, 0, 0, 0, 0, 0, 0, 0, 0, 0, 0, 
0, 0, 0, 0, 0, 0, 0, 0, 0, 0, 0, 0, 0, 0, 0, 0, 0, 0, 0, 0, 0, 
0, 0, 0, 0, 0, 0, 0, 0, 0, 0, 0, 0, 0, 0, 0, 0, 0, 0, 0, 0, 0, 
0, 0, 0, 0, 0, 0, 0, 0, 0, 0, 0, 0, 0, 0, 0, 0, 0, 0, 0, 0, 0, 
0, 0, 0, 0, 0, 0, 0, 0, 0, 0, 0, 0, 0, 0, 0, 0, 0, 0, 0, 0, 0, 
0, 0, 0, 0, 0, -0.215903106898368, 0, 0, 0, 0, 0, 0, 0, 0, 0, 
0, 0, 0, 0, 0, 0, 0, 0, 0, 0, 0, 0, 0, 0, 0, 0, 0, 0, 0, 0, 0, 
0, 0.0288823396055316, 0, 0, 0, 0, 0, 0, 0, 0, 0, 0, 0, 0, 0, 
0, 0, 0, 0, 0, 0, 0, 0, 0, 0, 0, 0, 0, 0, 0, 0, 0, 0, 0, 0, 0, 
0, 0, 0, 0, 0, 0, 0, 0, 0, 0, 0, 0, 0, 0, 0, 0, 0, 0, 0, 0, 0, 
0, 0, 0, 0, 0, 0, 0, 0, 0, 0, 0, 0, 0, 0, 0, 0, 0, 0, 0, 0, 0, 
0, 0, 0, 0, 0, 0, 0, 0, 0, 0, 0, 0, 0, 0, 0, 0, 0, 0, 0, 0, 0, 
0, 0, 0, 0, 0, 0, 0, 0, 0, 0, 0, 0, 0, 0, 0, 0, 0, 0, 0, 0, 0, 
0, 0, 0, 0, 0, 0, 0, 0, 0, 0, 0, 0, 0, 0, 0, 0, 0, 0, 0, 0, 0, 
0, 0, 0, 0, 0, 0, 0, 0, 0, 0, 0, 0, 0, 0, 0, 0, 0, 0, 0, 0, 0, 
0, 0, 0, 0, 0, 0, 0, 0, 0, 0, 0, 0, 0, 0, 0, 0, 0, 0, 0, 0, 0, 
0, 0, 0, 0, 0, 0, 0, 0, 0, 0, 0, 0, 0, 0, 0, 0, 0, 0, 0, 0, 0, 
0, 0, 0, 0, 0, 0, 0, 0, 0, 0, 0, 0, 0, 0, 0, 0, 0, 0, 0, 0, 0, 
0, 0, 3.43223443223443, 0, 0, 0, 0, 0, 0, 0, 0.142857142857143, 
0, 0, 0, 0, 0, 0, 0, 1.04395604395604, 0, 0, 0, 0, 0, 0, 0, 0, 
0, 0, 0, 0, 0, 0, 0, 0, 0.0246202675130356, 0, 0, 0, 0, 0, 0, 
0, 0, 0, 0, 0, 0, 0, 0, 0, 0, 0, 0, 0, 0, 0, 0, 0, 0, 0, 0, 0, 
0, 0, 0, 0, 0, 0, 0, 0, 0, 0, 0, 0, 0, 0.877216050782136, 0, 
0, 0, 0, 0, 0, 0, 0.0303332577646792, 0, 0, 0, 0, 0, 0.0271140330990705, 
0, 0.267286329630469, 0, 0, 0, 0, 0, 0, 0, 0.0288823396055316, 
0, 0, 0, 0, 0, 0, 0.0246202675130356, 0, 0, 0, 0, 0, 0, 0, 0, 
0, 0, 0, 0, 0, 0, 0, 0, 0, 0, 0, 0, 0, 0, 0, 0, 0, 0, 0, 0, 0, 
0, 0, 0, 0, 0, 0, 0, 0, 0, 0, 0, 0, 0, 0, 0, 0, 0, 0, 0, 0, 0, 
0, 0, 0, 0, 0, 0, 0, 0, 0, 0, 0, 0, 0, 0, 0, 0, 0, 0, 0, 0, 0, 
0, 0, 0, 0, 0, 0, 0), .Dim = c(37L, 37L), .Dimnames = list(c("Achillea.millefolium", 
"Agrostis.tenuis", "Alchemilla.conjoncta", "Avena.montana", "Blechnum.spicant", 
"Botrychium.lunaria", "Campanula.rotundifolia", "Cerastium.alpinum", 
"Cerastium.arvense", "Cirsium.acaule", "Cirsium.spinosissimum", 
"Daphne.pyrenaica", "Dianthus.monspessulanus", "Epilobium.montanum", 
"Erinus.alpinus", "Euphrasia", "Festuca.rubra", "Galium.pumilum", 
"Helleborus.viridis", "Hepatica.triloba", "Hieracium.pilosella", 
"Hypericum.perforatum", "Leontodon.hispidus", "Linaria.alpina", 
"Lotus.corniculatus", "Medicago.lupulina", "Parnassia.palustris", 
"Polystichum.spinulosum", "Saxifraga.umbrosa", "Seseli.libanotis", 
"Taraxacum.officinale", "Thesium.pyrenaicum", "Thymus.serpyllum", 
"Trisetum.flavescens", "Trifolium.repens", "Trifolium.thalii", 
"Viola"), c("Achillea.millefolium", "Agrostis.tenuis", "Alchemilla.conjoncta", 
"Avena.montana", "Blechnum.spicant", "Botrychium.lunaria", "Campanula.rotundifolia", 
"Cerastium.alpinum", "Cerastium.arvense", "Cirsium.acaule", "Cirsium.spinosissimum", 
"Daphne.pyrenaica", "Dianthus.monspessulanus", "Epilobium.montanum", 
"Erinus.alpinus", "Euphrasia", "Festuca.rubra", "Galium.pumilum", 
"Helleborus.viridis", "Hepatica.triloba", "Hieracium.pilosella", 
"Hypericum.perforatum", "Leontodon.hispidus", "Linaria.alpina", 
"Lotus.corniculatus", "Medicago.lupulina", "Parnassia.palustris", 
"Polystichum.spinulosum", "Saxifraga.umbrosa", "Seseli.libanotis", 
"Taraxacum.officinale", "Thesium.pyrenaicum", "Thymus.serpyllum", 
"Trisetum.flavescens", "Trifolium.repens", "Trifolium.thalii", 
"Viola"))), R = structure(c(0, 0, 0, 0, 0, 0, 0, 0, 0, 0, 0, 
0, 0, 0, 0, 0, 0, 0, 0, 0, 0, 0, 0, 0, 0, 0, 0, 0, 0, 0, 0, 0, 
0, 0, 0, 0, 0, 0, 0, 1.79806138933764, 0, 0, 0, 0, 0, 0, 0, 0, 
0, 0, 1.69303201506591, 0.321506217931994, 0, 0, 0, 0, 0, 0, 
0, 0, 0, 0, 0, 0.491108288345506, 0, 0, 1.87912087912088, 0, 
0, 0, 0, 0, 0, 0, 0, 1.79806138933764, 0, 0, 0, 0, 0, 0, 0, 0, 
0, 0, 0, 0.258003766478343, 0.127924167318897, 0, 0, 0, 0, 0, 
0, 0, 0, 0, 0, 0, 0.036360749444268, 0.0837837837837837, 0, 0.802197802197803, 
0, 0, 0, 0, 0, 0, 0, 0, 0, 0, 0, 0, 0, 0, 0, 0, 0, 0, 0, 0, 0, 
0, 0, 0, 0, 0, 0, 0, 0, 0, 0, 0, 0, 0, 0, 0, 0, 0, 0, 0.0159105568694904, 
0, 0, 0, 0, 0, 0, 0, 0, 0, 0, 0, 0, 0, 0, 0, 0, 0, 0, 0, 0, 0, 
0, 0, 0, 0, 0, 0, 0, 0, 0, 0, 0, 0, 0, 0, 0, 0, 0, 0, 0, 0, 0, 
0, 0, 0, 0, 0, 0, 0, 0, 0, 0, 0, 0, 0, 0.0172188885990086, 0, 
0, 0, 0, 0, 0, 0, 0, 0, 0, 0, 0, 0, 0, 0, 0, 0, 0, 0, 0, 0, 0, 
0, 0, 0, 0, 0, 0, 0, 0, 0, 0, 0, 0, 0, 0, 0, 0, 0, 0, 0, 0, 0, 
0, 0, 0, 0, 0, 0, 0, 0, 0, 0, 0, 0, 0, 0, 0, 0, 0, 0, 0, 0, 0, 
0, 0, 0, 0, 0, 0, 0, 0, 0, 0, 0, 0, 0, 0, 0, 0, 0, 0, 0, 0, 0, 
0, 0, 0, 0, 0, 0, 0, 0, 0, 0, 0, 0, 0, 0, 0, 0, 0, 0, 0, 0, 0, 
0, 0, 0, 0, 0, 0, 0, 0, 0, 0, 0, 0, 0, 0, 0, 0, 0, 0, 0, 0, 0, 
0, 0, 0, 0, 0, 0, 0, 0, 0, 0, 0, 0, 0, 0, 0, 0, 0, 0, 0, 0, 0, 
0.0207428008575236, 0, 0, 0, 0, 0, 0, 0, 0, 0, 0, 0, 0, 0, 0, 
0, 0, 0.0116104063642227, 0, 0, 0, 0, 0, 0, 0, 0, 0, 0, 0, 0, 
0, 0, 0, 0, 0, 0, 0, 0, 0, 0, 0, 0, 0, 0, 0, 0, 0, 0, 0, 0, 0, 
0, 0, 0, 0, 0, 0, 0, 0, 0, 0, 0, 0, 0, 0, 0, 0, 0, 0, 0, 0, 0, 
0, 0, 0, 0, 0, 0, 0, 0, 0, 0, 0, 0, 0, 0, 0, 0, 0, 0, 0, 0, 0, 
0, 0, 0, 0, 0, 0, 0, 0, 0, 0, 0, 0, 0, 0, 0, 0, 0, 0, 0, 0, 0, 
0, 0, 0, 0, 0, 0, 0, 0, 0, 0, 0, 0, 0, 0, 0, 0, 0, 0, 0, 0, 1.69303201506591, 
0.258003766478343, 0, 0, 0, 0, 0, 0, 0, 0, 0, 0, 0, 0, 0, 0, 
0, 0, 0, 0, 0, 0, 0, 0, 0, 0, 0.159459459459459, 0, 0, 0, 0, 
0, 0, 0, 0, 0, 0, 0.321506217931994, 0.127924167318897, 0, 0, 
0.0172188885990086, 0, 0, 0, 0, 0, 0, 0, 0, 0, 0, 0, 0, 0, 0, 
0, 0, 0, 0, 0, 0, 0.228802794537948, 0, 0, 10.0769230769231, 
0, 0, 0, 0, 0, 0, 0, 0, 0, 0, 0, 0, 0, 0, 0, 0, 0.0207428008575236, 
0, 0, 0, 0, 0, 0, 0, 0, 0, 0, 0, 0, 0, 0, 0, 0, 0, 0, 0, 0, 0, 
0, 1.53235863255214, 0, 0, 0, 0, 0, 0, 0, 0, 0, 0, 0, 0, 0, 0, 
0, 0, 0, 0, 0, 0, 0, 0, 0, 0, 0, 0, 0, 0, 0, 0, 0, 0, 0, 0, 0, 
0, 0, 0, 0, 0, 0, 0, 0, 0, 0, 0, 0, 0, 0, 0, 0, 0, 0, 0, 0, 0, 
0, 0, 0, 0, 0, 0, 0, 0, 0, 0, 0, 0, 0, 0, 0, 0, 0, 0, 0, 0, 0, 
0, 0, 0, 0, 0, 0, 0, 0, 0, 0, 0, 0, 0, 0, 0, 0, 0, 0, 0, 0, 0, 
0, 0, 0, 0, 0, 0, 0, 0, 0, 0, 0, 0, 0, 0, 0, 0, 0.729981378026071, 
0, 0, 0, 0, 0, 0, 0, 0, 0, 0, 0, 0, 0, 0, 0, 0, 0, 0, 0, 0, 0, 
0, 0, 0, 0, 0, 0, 0, 0, 0, 0, 0, 0, 0, 0, 0, 0, 0, 0, 0, 0, 0, 
0, 0, 0, 0, 0, 0, 0, 0, 0, 0, 0, 0, 0, 0, 0, 0, 0, 0, 0, 0, 0, 
0, 0, 0, 0, 0, 0, 0, 0, 0, 0, 0, 0, 0, 0, 0, 0, 0, 0, 0, 0, 0, 
0, 0, 0, 0, 0, 0, 0, 0, 0, 0, 0, 0, 0, 0, 0, 0, 0, 0, 0, 0, 0, 
0, 0, 0, 0, 0, 0, 0, 0, 0, 0, 0, 0, 0, 0, 0, 0, 0, 0, 0, 0, 0, 
0, 0, 0, 0, 0, 0, 0, 0, 0, 0, 0, 0, 0, 0, 0, 0, 0, 0, 0, 0, 0, 
0, 0, 0, 0, 0, 0, 0, 0, 0, 0, 0, 0, 0, 0, 0, 0, 0, 0, 0, 0, 0, 
0, 0, 0, 0, 0, 0, 0, 0, 0, 0, 0, 0, 0, 0, 0, 0, 0, 0, 0, 0, 0, 
0, 0, 0, 0, 0, 0, 0, 0, 0, 0, 0, 0, 0, 0, 0, 0, 0, 0, 0, 0, 0, 
0, 0, 0, 0, 0, 0, 0, 0, 0, 0, 0, 0, 0, 0, 0, 0, 0, 0, 0, 0, 0, 
0, 0, 0, 0, 0, 0, 0, 0, 0, 0, 0, 0, 0, 0, 0, 0, 0, 0, 0.0027027027027027, 
0, 0, 0, 0, 0, 0, 0, 0.00822958430048533, 0.0540037243947859, 
0, 0.491108288345506, 0.036360749444268, 0, 0, 0, 0, 0, 0, 0, 
0, 0, 0, 0, 0.228802794537948, 0, 0, 0, 0, 0, 0, 0, 0, 0, 0, 
0, 0, 0, 0, 0, 0, 0, 0, 0, 0, 0, 0, 0, 0, 0.0837837837837837, 
0, 0, 0, 0, 0, 0, 0, 0, 0, 0, 0.159459459459459, 0, 0, 0, 0, 
0, 0, 0, 0, 0, 0, 0, 0.0027027027027027, 0, 0, 0, 2.74725274725275, 
0, 0, 0, 0, 0, 0, 0, 0, 0, 0, 0, 0, 0, 0, 0, 0, 0, 0, 0, 0, 0, 
0, 0, 0, 0, 0, 0, 0, 0, 0, 0, 0, 0, 0, 0, 0, 0, 0, 0, 0, 0, 0, 
0, 0, 0, 1.87912087912088, 0.802197802197803, 0, 0, 0, 0, 0, 
0, 0, 0, 0, 0, 0, 10.0769230769231, 0, 0, 0, 0, 0, 0, 0, 0, 0, 
0, 0, 0, 2.74725274725275, 0, 0, 0, 0, 0, 0, 0, 0, 0, 0, 0, 0, 
0, 0, 0, 0, 0, 0, 0, 0, 0, 0, 0, 0, 0, 0, 0, 0, 0, 0, 0, 0, 0, 
0, 0, 0, 0, 0, 0, 0, 0, 0, 0, 0, 0, 0, 0, 0, 0, 0, 0, 0, 0, 0, 
0, 0, 0, 0, 0, 0, 0, 0, 0, 0, 0, 0, 0, 0, 0, 0, 0, 0, 0, 0, 0, 
0, 0, 0, 0, 0, 0, 0, 0, 0, 0, 0, 0.0159105568694904, 0, 0, 0, 
0, 0, 0.0116104063642227, 0, 0, 0, 0, 0, 1.53235863255214, 0, 
0, 0, 0, 0, 0, 0, 0, 0, 0, 0, 0, 0, 0, 0, 0, 0, 0, 0, 0.117535345009496, 
0, 0, 0, 0, 0, 0, 0, 0, 0, 0, 0, 0, 0, 0, 0, 0, 0, 0, 0, 0, 0, 
0, 0, 0, 0, 0, 0, 0, 0, 0, 0, 0, 0, 0, 0, 0, 0, 0, 0, 0, 0, 0, 
0, 0, 0, 0, 0, 0, 0, 0, 0, 0, 0, 0, 0, 0, 0, 0, 0, 0, 0, 0, 0, 
0, 0, 0, 0, 0, 0, 0, 0, 0, 0, 0, 0, 0, 0, 0, 0, 0, 0, 0, 0, 0, 
0, 0, 0, 0, 0, 0, 0, 0, 0, 0, 0, 0, 0, 0, 0, 0, 0.00822958430048533, 
0, 0, 0, 0, 0, 0, 0.117535345009496, 0, 0, 0, 0, 0, 0, 0, 0, 
0, 0, 0, 0, 0, 0, 0, 0, 0, 0, 0, 0, 0, 0, 0.729981378026071, 
0, 0, 0, 0, 0, 0, 0.0540037243947859, 0, 0, 0, 0, 0, 0, 0, 0, 
0, 0, 0), .Dim = c(37L, 37L), .Dimnames = list(c("Achillea.millefolium", 
"Agrostis.tenuis", "Alchemilla.conjoncta", "Avena.montana", "Blechnum.spicant", 
"Botrychium.lunaria", "Campanula.rotundifolia", "Cerastium.alpinum", 
"Cerastium.arvense", "Cirsium.acaule", "Cirsium.spinosissimum", 
"Daphne.pyrenaica", "Dianthus.monspessulanus", "Epilobium.montanum", 
"Erinus.alpinus", "Euphrasia", "Festuca.rubra", "Galium.pumilum", 
"Helleborus.viridis", "Hepatica.triloba", "Hieracium.pilosella", 
"Hypericum.perforatum", "Leontodon.hispidus", "Linaria.alpina", 
"Lotus.corniculatus", "Medicago.lupulina", "Parnassia.palustris", 
"Polystichum.spinulosum", "Saxifraga.umbrosa", "Seseli.libanotis", 
"Taraxacum.officinale", "Thesium.pyrenaicum", "Thymus.serpyllum", 
"Trisetum.flavescens", "Trifolium.repens", "Trifolium.thalii", 
"Viola"), c("Achillea.millefolium", "Agrostis.tenuis", "Alchemilla.conjoncta", 
"Avena.montana", "Blechnum.spicant", "Botrychium.lunaria", "Campanula.rotundifolia", 
"Cerastium.alpinum", "Cerastium.arvense", "Cirsium.acaule", "Cirsium.spinosissimum", 
"Daphne.pyrenaica", "Dianthus.monspessulanus", "Epilobium.montanum", 
"Erinus.alpinus", "Euphrasia", "Festuca.rubra", "Galium.pumilum", 
"Helleborus.viridis", "Hepatica.triloba", "Hieracium.pilosella", 
"Hypericum.perforatum", "Leontodon.hispidus", "Linaria.alpina", 
"Lotus.corniculatus", "Medicago.lupulina", "Parnassia.palustris", 
"Polystichum.spinulosum", "Saxifraga.umbrosa", "Seseli.libanotis", 
"Taraxacum.officinale", "Thesium.pyrenaicum", "Thymus.serpyllum", 
"Trisetum.flavescens", "Trifolium.repens", "Trifolium.thalii", 
"Viola")))), .Names = c("D", "I", "R"))
